10
1 i 1 0 9
2 i 1 0 9
3 i 1 0 9
4 i 1 0 9
5 i 1 0 9
6 i 1 0 9
7 i 1 0 9
8 i 1 0 9
9 i 1 0 9
10 i 1 0 9
46
2 2 1 2 1 1 0 -1 0 1 2
2 2 1 3 1 1 0 -1 0 1 2
2 2 1 4 1 1 0 -1 0 1 2
2 2 1 5 1 1 0 -1 0 1 2
2 2 1 6 1 1 0 -1 0 1 2
2 2 1 7 1 1 0 -1 0 1 2
2 2 1 8 1 1 0 -1 0 1 2
2 2 1 9 1 1 0 -1 0 1 2
2 2 1 10 1 1 0 -1 0 1 2
2 2 2 3 1 1 0 -1 0 1 2
2 2 2 4 1 1 0 -1 0 1 2
2 2 2 5 1 1 0 -1 0 1 2
2 2 2 6 1 1 0 -1 0 1 2
2 2 2 7 1 1 0 -1 0 1 2
2 2 2 8 1 1 0 -1 0 1 2
2 2 2 9 1 1 0 -1 0 1 2
2 2 2 10 1 1 0 -1 0 1 2
2 2 3 4 1 1 0 -1 0 1 2
2 2 3 5 1 1 0 -1 0 1 2
2 2 3 6 1 1 0 -1 0 1 2
2 2 3 7 1 1 0 -1 0 1 2
2 2 3 8 1 1 0 -1 0 1 2
2 2 3 9 1 1 0 -1 0 1 2
2 2 3 10 1 1 0 -1 0 1 2
2 2 4 5 1 1 0 -1 0 1 2
2 2 4 6 1 1 0 -1 0 1 2
2 2 4 7 1 1 0 -1 0 1 2
2 2 4 8 1 1 0 -1 0 1 2
2 2 4 9 1 1 0 -1 0 1 2
2 2 4 10 1 1 0 -1 0 1 2
2 2 5 6 1 1 0 -1 0 1 2
2 2 5 7 1 1 0 -1 0 1 2
2 2 5 8 1 1 0 -1 0 1 2
2 2 5 9 1 1 0 -1 0 1 2
2 2 5 10 1 1 0 -1 0 1 2
2 2 6 7 1 1 0 -1 0 1 2
2 2 6 8 1 1 0 -1 0 1 2
2 2 6 9 1 1 0 -1 0 1 2
2 2 6 10 1 1 0 -1 0 1 2
2 2 7 8 1 1 0 -1 0 1 2
2 2 7 9 1 1 0 -1 0 1 2
2 2 7 10 1 1 0 -1 0 1 2
2 2 8 9 1 1 0 -1 0 1 2
2 2 8 10 1 1 0 -1 0 1 2
2 2 9 10 1 1 0 -1 0 1 2
10 30 1 2 3 4 5 6 7 8 9 10 1000 1 0 0 0 0 0 0 0 0 0 100 0 1 0 0 0 0 0 0 0 0 10 0 0 1 0 0 0 0 0 0 0 1 0 0 0 1 0 0 0 0 0 0 10000 0 0 0 0 1 0 0 0 0 0 1000 0 0 1 0 0 0 0 0 0 0 100 0 0 0 1 0 0 0 0 0 0 10 0 0 0 0 0 1 0 0 0 0 1 0 0 0 0 0 0 1 0 0 0 10000 0 0 0 0 1 0 0 0 0 0 1000 0 0 1 0 0 0 0 0 0 0 100 0 0 0 1 0 0 0 0 0 0 10 0 0 0 0 0 1 0 0 0 0 1 0 0 0 0 0 0 1 0 0 0 10000 0 0 0 0 0 0 0  1 0 0 1000 0 0 0 1 0 0 0 0 0 0 100 0 0 0 0 0 0 0 0 1 0 10 1 0 0 0 0 0 0 0 0 0 1 0 1 0 0 0 0 0 0 0 0 10000 0  0 0 0 0 0 0 1 0 0 1000 0 0 0 1 0 0 0 0 0 0 100 0 0 0 0 0 0 0 0 1 0 10 1 0 0 0 0 0 0 0 0 0 1 0 1 0 0 0 0 0 0 0 0 -100000 0 0 0 0 1 0 0 0 0 0 -10000 0 0 1 0 0 0 0 0 0 0 -1000 0 1 0 0 0 0 0 0 0 0 -100 0 0 0 0 0 0 0 0 0 1 -10 0 0 0 0 1 0 0 0 0 0 -1 0 1 0 0 0 0 0 0 0 0 1